0.51387 0.175741 0.636237
0.308652 0.534534 0.746765
0.947628 0.171736 0.899823
0.702231 0.226431 0.800819
0.494773 0.12472 0.580623
0.0838988 0.389647 0.456045
0.277226 0.368071 0.601435
0.983437 0.535398 0.99865
0.765682 0.646473 0.987443
0.767139 0.780237 0.999726
0.822951 0.151932 0.827637
0.625477 0.314685 0.807653
0.346901 0.917204 0.953338
0.51976 0.401154 0.796155
0.606758 0.785402 0.984087
0.931523 0.869921 0.973519
0.866525 0.67452 0.999557
0.7584 0.581893 0.973552
0.389248 0.355635 0.677885
0.200232 0.826927 0.855833
0.415903 0.463522 0.770373
0.979163 0.126436 0.893733
0.212637 0.958451 0.921175
0.737463 0.409056 0.911337
0.780113 0.757899 0.999463
0.956842 0.028096 0.833238
0.318728 0.756934 0.879905
0.242995 0.589542 0.739641
0.0434244 0.956025 0.841173
0.319133 0.0593598 0.369521
0.441876 0.91502 0.97721
0.572247 0.118838 0.637374
0.569771 0.252048 0.732386
0.495858 0.236734 0.668799
0.476961 0.406093 0.772681
0.872998 0.426963 0.963548
0.358218 0.381988 0.67444
0.0431799 0.160587 0.20236
0.522351 0.696581 0.938732
0.0971005 0.400847 0.477623
0.773432 0.244827 0.851195
0.342824 0.229994 0.542003
0.297877 0.304546 0.566641
0.887207 0.0366694 0.797944
0.651147 0.398606 0.867301
0.676297 0.732578 0.986919
0.937797 0.23328 0.92117
0.838481 0.96721 0.972539
0.778638 0.431518 0.935671
0.674103 0.809358 0.996189
0.158765 0.279899 0.42473
0.135323 0.864187 0.841206
0.750185 0.207999 0.818148
0.139963 0.294589 0.421005
0.802806 0.218934 0.853017
0.563082 0.715602 0.957638
0.197542 0.989825 0.927387
0.250038 0.430608 0.629295
0.755274 0.860929 0.998969
0.894781 0.978088 0.954722
0.395412 0.432205 0.73632
0.12714 0.457675 0.552045
0.237831 0.986032 0.94042
0.652831 0.604246 0.951192
0.241906 0.454873 0.641751
0.78996 0.0788191 0.763541
0.47641 0.152588 0.588335
0.245752 0.944993 0.928646
0.61402 0.988186 0.999507
0.477276 0.799684 0.95714
0.744184 0.380735 0.902233
0.479891 0.526908 0.845125
0.0980991 0.594211 0.638317
0.347183 0.143366 0.47111
0.77954 0.710997 0.996781
0.446139 0.704569 0.913053
0.0953091 0.962825 0.871442
0.551302 0.740264 0.961268
0.579039 0.637876 0.938035
0.781656 0.187904 0.824637
0.302103 0.282807 0.552124
0.684006 0.292919 0.82878
0.565391 0.418449 0.83263
0.306581 0.44453 0.682451
0.56569 0.487929 0.869218
0.606633 0.41586 0.85341
0.130424 0.25596 0.376841
0.0357581 0.977097 0.848347
0.114506 0.378054 0.472883
0.646711 0.350446 0.839931
0.553049 0.358411 0.790399
0.565451 0.475635 0.862953
0.163682 0.615225 0.702501
0.17217 0.554712 0.664543
0.292231 0.872162 0.918548
0.835062 0.844895 0.994048
0.895509 0.594763 0.99676
0.540566 0.168211 0.650906
0.654958 0.690519 0.974723
0.263855 0.106692 0.362125
