   1590.00000       1000.00000       2000.00000    
   1590.00000       1000.00000       6000.00000    
   1590.00000       1000.00000       10000.0000    
   1390.00000       1000.00000       14000.0000    
   1290.00000       1000.00000       18000.0000    
   1690.00000       5000.00000       2000.00000    
   1690.00000       5000.00000       6000.00000    
   1490.00000       5000.00000       10000.0000    
   1190.00000       5000.00000       14000.0000    
   1190.00000       5000.00000       18000.0000    
   1790.00000       9000.00000       2000.00000    
   1590.00000       9000.00000       6000.00000    
   1290.00000       9000.00000       10000.0000    
   1090.00000       9000.00000       14000.0000    
   1090.00000       9000.00000       18000.0000    
   1590.00000       13000.0000       2000.00000    
   1390.00000       13000.0000       6000.00000    
   990.000000       13000.0000       10000.0000    
   890.000000       13000.0000       14000.0000    
   890.000000       13000.0000       18000.0000    
   1390.00000       17000.0000       2000.00000    
   1090.00000       17000.0000       6000.00000    
   790.000000       17000.0000       10000.0000    
   590.000000       17000.0000       14000.0000    
   690.000000       17000.0000       18000.0000    
   1290.00000       21000.0000       2000.00000    
   890.000000       21000.0000       6000.00000    
   590.000000       21000.0000       10000.0000    
   490.000000       21000.0000       14000.0000    
   390.000000       21000.0000       18000.0000    
   1290.00000       25000.0000       2000.00000    
   890.000000       25000.0000       6000.00000    
   590.000000       25000.0000       10000.0000    
   490.000000       25000.0000       14000.0000    
   490.000000       25000.0000       18000.0000    
   1490.00000       29000.0000       2000.00000    
   1190.00000       29000.0000       6000.00000    
   1090.00000       29000.0000       10000.0000    
   1090.00000       29000.0000       14000.0000    
   990.000000       29000.0000       18000.0000    
   1690.00000       33000.0000       2000.00000    
   1590.00000       33000.0000       6000.00000    
   1590.00000       33000.0000       10000.0000    
   1690.00000       33000.0000       14000.0000    
   1490.00000       33000.0000       18000.0000    
   1890.00000       37000.0000       2000.00000    
   1990.00000       37000.0000       6000.00000    
   2190.00000       37000.0000       10000.0000    
   2290.00000       37000.0000       14000.0000    
   1990.00000       37000.0000       18000.0000    
   1890.00000       41000.0000       2000.00000    
   2090.00000       41000.0000       6000.00000    
   2390.00000       41000.0000       10000.0000    
   2390.00000       41000.0000       14000.0000    
   1990.00000       41000.0000       18000.0000    
   1390.00000       45000.0000       2000.00000    
   1890.00000       45000.0000       6000.00000    
   2190.00000       45000.0000       10000.0000    
   1990.00000       45000.0000       14000.0000    
   1690.00000       45000.0000       18000.0000    
   890.000000       49000.0000       2000.00000    
   1290.00000       49000.0000       6000.00000    
   1390.00000       49000.0000       10000.0000    
   1190.00000       49000.0000       14000.0000    
   990.000000       49000.0000       18000.0000    
   1090.00000       53000.0000       2000.00000    
   1190.00000       53000.0000       6000.00000    
   1090.00000       53000.0000       10000.0000    
   890.000000       53000.0000       14000.0000    
   890.000000       53000.0000       18000.0000    
   1790.00000       57000.0000       2000.00000    
   1790.00000       57000.0000       6000.00000    
   1590.00000       57000.0000       10000.0000    
   1390.00000       57000.0000       14000.0000    
   1490.00000       57000.0000       18000.0000    
   1890.00000       61000.0000       2000.00000    
   1890.00000       61000.0000       6000.00000    
   2090.00000       61000.0000       10000.0000    
   2390.00000       61000.0000       14000.0000    
   2690.00000       61000.0000       18000.0000    
   1890.00000       65000.0000       2000.00000    
   2090.00000       65000.0000       6000.00000    
   2290.00000       65000.0000       10000.0000    
   2590.00000       65000.0000       14000.0000    
   2690.00000       65000.0000       18000.0000    
   2590.00000       69000.0000       2000.00000    
   2890.00000       69000.0000       6000.00000    
   3190.00000       69000.0000       10000.0000    
   3290.00000       69000.0000       14000.0000    
   3090.00000       69000.0000       18000.0000    
   3090.00000       73000.0000       2000.00000    
   3490.00000       73000.0000       6000.00000    
   3790.00000       73000.0000       10000.0000    
   3890.00000       73000.0000       14000.0000    
   3790.00000       73000.0000       18000.0000    
   3190.00000       77000.0000       2000.00000    
   3690.00000       77000.0000       6000.00000    
   3890.00000       77000.0000       10000.0000    
   3990.00000       77000.0000       14000.0000    
   3790.00000       77000.0000       18000.0000    
   3690.00000       81000.0000       2000.00000    
   4090.00000       81000.0000       6000.00000    
   4290.00000       81000.0000       10000.0000    
   4290.00000       81000.0000       14000.0000    
   3890.00000       81000.0000       18000.0000    
   3390.00000       85000.0000       2000.00000    
   3790.00000       85000.0000       6000.00000    
   3990.00000       85000.0000       10000.0000    
   3890.00000       85000.0000       14000.0000    
   3690.00000       85000.0000       18000.0000    
   3490.00000       89000.0000       2000.00000    
   3590.00000       89000.0000       6000.00000    
   3590.00000       89000.0000       10000.0000    
   3490.00000       89000.0000       14000.0000    
   3190.00000       89000.0000       18000.0000    
   4290.00000       93000.0000       2000.00000    
   4390.00000       93000.0000       6000.00000    
   4290.00000       93000.0000       10000.0000    
   4190.00000       93000.0000       14000.0000    
   3990.00000       93000.0000       18000.0000    
   5090.00000       97000.0000       2000.00000    
   5190.00000       97000.0000       6000.00000    
   5090.00000       97000.0000       10000.0000    
   4890.00000       97000.0000       14000.0000    
   4790.00000       97000.0000       18000.0000    
   5390.00000       101000.000       2000.00000    
   5690.00000       101000.000       6000.00000    
   5990.00000       101000.000       10000.0000    
   5890.00000       101000.000       14000.0000    
   5690.00000       101000.000       18000.0000 
